M1 = 0.25;
M2 = 0.1;
K1 = 0.4;
K2 = 0.3;
B1 = 0.1;
force = 0.02;
force_time = 3;