k = 10;
m1 = 400;
m2 = 10000;
b1 = 10;
b2 = 10;
f = 2000;
